22
500
1 290
2 356
3 29
4 196
5 492
6 726
7 717
8 866
9 913
10 393
11 675
12 349
13 692
14 101
15 973
16 450
17 95
18 721
19 534
20 371
21 945
22 766
23 939
24 933
25 416
26 819
27 774
28 899
29 603
30 511
31 697
32 86
33 517
34 896
35 114
36 69
37 469
38 357
39 878
40 869
41 782
42 537
43 916
44 945
45 992
46 83
47 971
48 65
49 920
50 834
51 695
52 490
53 174
54 265
55 542
56 313
57 201
58 700
59 761
60 375
61 259
62 228
63 375
64 111
65 658
66 879
67 112
68 366
69 510
70 770
71 803
72 331
73 911
74 132
75 720
76 339
77 751
78 478
79 320
80 690
81 991
82 525
83 41
84 584
85 840
86 416
87 164
88 534
89 127
90 136
91 376
92 116
93 915
94 630
95 3
96 336
97 495
98 31
99 327
100 786
101 51
102 329
103 974
104 121
105 66
106 598
107 712
108 23
109 208
110 206
111 893
112 738
113 793
114 457
115 80
116 88
117 150
118 614
119 685
120 285
121 284
122 264
123 750
124 885
125 999
126 383
127 12
128 870
129 199
130 486
131 15
132 967
133 60
134 140
135 237
136 109
137 122
138 858
139 629
140 350
141 145
142 640
143 752
144 209
145 993
146 531
147 811
148 740
149 232
150 696
151 102
152 711
153 900
154 309
155 741
156 760
157 835
158 343
159 759
160 948
161 121
162 823
163 772
164 965
165 782
166 498
167 707
168 374
169 735
170 687
171 190
172 267
173 761
174 409
175 867
176 156
177 521
178 953
179 932
180 173
181 397
182 183
183 236
184 373
185 734
186 950
187 716
188 413
189 3
190 68
191 303
192 251
193 887
194 991
195 419
196 5
197 541
198 725
199 957
200 915
201 65
202 305
203 222
204 85
205 727
206 283
207 415
208 720
209 967
210 235
211 25
212 890
213 512
214 498
215 768
216 229
217 799
218 831
219 759
220 913
221 590
222 533
223 296
224 322
225 112
226 311
227 916
228 116
229 125
230 573
231 708
232 99
233 395
234 169
235 535
236 255
237 745
238 912
239 40
240 699
241 923
242 32
243 892
244 509
245 668
246 224
247 2
248 756
249 798
250 584
251 74
252 265
253 162
254 102
255 449
256 91
257 109
258 974
259 622
260 993
261 486
262 559
263 978
264 306
265 361
266 926
267 581
268 912
269 135
270 151
271 596
272 858
273 637
274 785
275 646
276 513
277 398
278 167
279 747
280 392
281 698
282 736
283 237
284 605
285 868
286 412
287 78
288 54
289 371
290 178
291 892
292 233
293 341
294 16
295 185
296 468
297 222
298 194
299 462
300 382
301 888
302 736
303 299
304 474
305 750
306 183
307 638
308 542
309 233
310 183
311 16
312 220
313 896
314 957
315 938
316 686
317 767
318 831
319 455
320 699
321 455
322 311
323 111
324 595
325 387
326 761
327 105
328 524
329 168
330 947
331 306
332 888
333 536
334 741
335 277
336 182
337 526
338 283
339 404
340 111
341 864
342 856
343 73
344 19
345 520
346 492
347 597
348 478
349 797
350 242
351 449
352 613
353 509
354 535
355 384
356 228
357 363
358 995
359 385
360 168
361 688
362 513
363 658
364 241
365 298
366 938
367 20
368 237
369 681
370 342
371 207
372 512
373 293
374 12
375 299
376 802
377 170
378 90
379 272
380 893
381 674
382 253
383 963
384 71
385 489
386 350
387 409
388 121
389 192
390 302
391 160
392 549
393 936
394 938
395 989
396 305
397 442
398 629
399 251
400 181
401 861
402 835
403 114
404 589
405 691
406 248
407 457
408 317
409 948
410 658
411 769
412 55
413 376
414 727
415 909
416 635
417 174
418 895
419 356
420 834
421 410
422 312
423 119
424 519
425 489
426 177
427 803
428 136
429 1
430 11
431 344
432 513
433 485
434 776
435 581
436 600
437 243
438 931
439 403
440 316
441 51
442 717
443 203
444 857
445 458
446 41
447 730
448 802
449 707
450 372
451 572
452 555
453 208
454 835
455 660
456 297
457 58
458 476
459 245
460 191
461 937
462 380
463 622
464 483
465 306
466 377
467 420
468 45
469 606
470 548
471 841
472 779
473 122
474 864
475 398
476 609
477 838
478 814
479 306
480 364
481 356
482 592
483 117
484 675
485 376
486 142
487 895
488 925
489 56
490 422
491 215
492 942
493 82
494 752
495 807
496 16
497 666
498 985
499 365
500 866
