22
500
1 867
2 584
3 767
4 52
5 899
6 340
7 963
8 826
9 707
10 509
11 196
12 823
13 87
14 477
15 972
16 462
17 830
18 73
19 932
20 470
21 21
22 408
23 278
24 609
25 213
26 652
27 161
28 76
29 834
30 362
31 40
32 509
33 100
34 794
35 653
36 327
37 171
38 754
39 760
40 876
41 167
42 904
43 938
44 349
45 244
46 862
47 178
48 419
49 617
50 94
51 881
52 293
53 706
54 369
55 82
56 130
57 699
58 899
59 514
60 484
61 726
62 930
63 260
64 637
65 849
66 80
67 176
68 473
69 229
70 608
71 34
72 480
73 653
74 266
75 173
76 504
77 996
78 482
79 789
80 617
81 814
82 812
83 455
84 763
85 256
86 961
87 658
88 380
89 800
90 48
91 241
92 691
93 853
94 837
95 812
96 470
97 18
98 819
99 915
100 675
101 171
102 127
103 320
104 139
105 286
106 663
107 419
108 49
109 649
110 785
111 796
112 964
113 998
114 585
115 804
116 143
117 156
118 968
119 955
120 146
121 699
122 420
123 74
124 99
125 826
126 215
127 780
128 284
129 838
130 916
131 742
132 283
133 22
134 213
135 102
136 878
137 957
138 864
139 767
140 582
141 298
142 84
143 576
144 708
145 90
146 125
147 26
148 770
149 617
150 277
151 754
152 674
153 658
154 732
155 12
156 129
157 197
158 596
159 693
160 306
161 477
162 968
163 401
164 953
165 763
166 510
167 19
168 578
169 597
170 590
171 338
172 860
173 117
174 868
175 86
176 157
177 145
178 799
179 283
180 408
181 77
182 637
183 196
184 279
185 960
186 880
187 437
188 62
189 527
190 215
191 231
192 198
193 689
194 497
195 675
196 275
197 941
198 972
199 673
200 693
201 905
202 473
203 361
204 557
205 773
206 860
207 806
208 4
209 190
210 877
211 883
212 289
213 500
214 971
215 349
216 534
217 94
218 590
219 710
220 668
221 103
222 905
223 18
224 327
225 352
226 291
227 96
228 764
229 630
230 713
231 251
232 125
233 312
234 641
235 180
236 158
237 441
238 310
239 984
240 223
241 56
242 52
243 195
244 271
245 767
246 743
247 193
248 656
249 455
250 615
251 95
252 935
253 51
254 328
255 143
256 617
257 639
258 370
259 668
260 695
261 37
262 414
263 929
264 380
265 712
266 733
267 804
268 688
269 64
270 486
271 751
272 837
273 742
274 358
275 496
276 578
277 152
278 468
279 122
280 896
281 709
282 365
283 38
284 698
285 948
286 397
287 800
288 630
289 339
290 773
291 406
292 551
293 965
294 299
295 199
296 536
297 81
298 689
299 220
300 816
301 343
302 272
303 91
304 234
305 25
306 670
307 507
308 45
309 313
310 417
311 881
312 260
313 703
314 508
315 715
316 473
317 189
318 686
319 183
320 70
321 986
322 696
323 180
324 145
325 793
326 367
327 116
328 379
329 771
330 535
331 226
332 350
333 167
334 816
335 763
336 812
337 665
338 682
339 284
340 664
341 500
342 420
343 570
344 633
345 998
346 328
347 282
348 250
349 636
350 257
351 650
352 105
353 396
354 165
355 538
356 276
357 935
358 607
359 508
360 522
361 107
362 105
363 225
364 273
365 130
366 830
367 695
368 38
369 875
370 81
371 123
372 683
373 444
374 58
375 476
376 19
377 826
378 18
379 532
380 610
381 765
382 558
383 470
384 215
385 569
386 623
387 534
388 179
389 600
390 205
391 933
392 484
393 365
394 433
395 326
396 450
397 535
398 680
399 223
400 253
401 569
402 60
403 188
404 84
405 288
406 234
407 314
408 285
409 554
410 446
411 337
412 506
413 527
414 744
415 84
416 759
417 346
418 621
419 387
420 597
421 499
422 323
423 316
424 941
425 465
426 690
427 334
428 875
429 78
430 254
431 852
432 301
433 84
434 147
435 340
436 926
437 244
438 816
439 156
440 126
441 934
442 306
443 268
444 372
445 539
446 385
447 246
448 501
449 90
450 574
451 566
452 440
453 572
454 960
455 170
456 930
457 675
458 64
459 427
460 864
461 223
462 353
463 204
464 200
465 757
466 964
467 411
468 237
469 538
470 262
471 844
472 461
473 60
474 4
475 438
476 636
477 911
478 430
479 669
480 365
481 831
482 333
483 303
484 462
485 72
486 864
487 122
488 666
489 831
490 899
491 994
492 830
493 895
494 1
495 529
496 957
497 499
498 866
499 55
500 727
