22
500
1 449
2 461
3 301
4 872
5 173
6 819
7 323
8 745
9 342
10 208
11 607
12 199
13 889
14 382
15 529
16 574
17 76
18 792
19 16
20 344
21 511
22 784
23 45
24 783
25 447
26 194
27 605
28 93
29 775
30 111
31 530
32 752
33 66
34 996
35 397
36 117
37 661
38 33
39 478
40 866
41 544
42 60
43 886
44 508
45 771
46 548
47 485
48 749
49 938
50 161
51 808
52 172
53 319
54 299
55 493
56 198
57 533
58 451
59 26
60 447
61 965
62 361
63 944
64 579
65 619
66 403
67 901
68 854
69 179
70 123
71 367
72 859
73 918
74 431
75 727
76 582
77 615
78 461
79 715
80 612
81 206
82 355
83 677
84 196
85 143
86 665
87 130
88 962
89 718
90 239
91 829
92 868
93 761
94 19
95 274
96 732
97 154
98 118
99 931
100 707
101 524
102 926
103 476
104 696
105 950
106 941
107 991
108 215
109 501
110 60
111 753
112 231
113 60
114 129
115 585
116 671
117 725
118 591
119 780
120 85
121 212
122 961
123 47
124 416
125 8
126 976
127 711
128 374
129 792
130 914
131 837
132 265
133 628
134 766
135 411
136 981
137 513
138 235
139 800
140 280
141 143
142 514
143 566
144 850
145 162
146 785
147 868
148 205
149 363
150 804
151 542
152 582
153 742
154 591
155 286
156 628
157 539
158 837
159 243
160 131
161 691
162 204
163 364
164 322
165 493
166 26
167 138
168 783
169 355
170 909
171 577
172 186
173 93
174 88
175 960
176 503
177 751
178 470
179 402
180 709
181 587
182 527
183 822
184 192
185 222
186 872
187 115
188 21
189 529
190 229
191 517
192 905
193 557
194 905
195 292
196 409
197 449
198 396
199 386
200 706
201 791
202 613
203 956
204 373
205 155
206 389
207 785
208 936
209 622
210 27
211 586
212 883
213 641
214 371
215 423
216 478
217 20
218 50
219 516
220 284
221 567
222 111
223 384
224 787
225 248
226 585
227 467
228 829
229 619
230 309
231 736
232 582
233 753
234 853
235 240
236 862
237 961
238 972
239 664
240 441
241 191
242 709
243 406
244 201
245 17
246 777
247 757
248 631
249 800
250 832
251 81
252 838
253 932
254 621
255 420
256 960
257 629
258 266
259 227
260 566
261 832
262 347
263 994
264 866
265 820
266 150
267 751
268 325
269 831
270 548
271 363
272 543
273 177
274 360
275 587
276 95
277 377
278 565
279 582
280 416
281 407
282 611
283 676
284 642
285 400
286 549
287 394
288 66
289 225
290 21
291 682
292 409
293 853
294 879
295 816
296 100
297 113
298 849
299 430
300 317
301 718
302 476
303 943
304 206
305 543
306 971
307 829
308 111
309 542
310 747
311 822
312 631
313 110
314 444
315 564
316 510
317 290
318 871
319 640
320 389
321 158
322 901
323 138
324 948
325 550
326 735
327 962
328 160
329 411
330 249
331 593
332 38
333 165
334 751
335 455
336 604
337 995
338 878
339 13
340 978
341 984
342 320
343 76
344 149
345 138
346 185
347 564
348 138
349 604
350 917
351 575
352 644
353 853
354 30
355 318
356 196
357 770
358 886
359 176
360 486
361 151
362 628
363 856
364 418
365 571
366 706
367 536
368 345
369 937
370 729
371 752
372 745
373 542
374 49
375 84
376 213
377 500
378 496
379 260
380 307
381 835
382 759
383 325
384 884
385 628
386 168
387 317
388 109
389 718
390 285
391 688
392 661
393 219
394 253
395 742
396 408
397 803
398 483
399 839
400 494
401 529
402 128
403 63
404 43
405 768
406 473
407 255
408 453
409 407
410 462
411 213
412 956
413 724
414 501
415 325
416 818
417 726
418 313
419 662
420 453
421 367
422 995
423 668
424 651
425 603
426 341
427 424
428 757
429 559
430 787
431 924
432 431
433 618
434 488
435 805
436 639
437 811
438 221
439 653
440 242
441 854
442 925
443 256
444 449
445 956
446 673
447 322
448 615
449 118
450 788
451 89
452 388
453 757
454 212
455 854
456 997
457 880
458 320
459 94
460 26
461 134
462 568
463 571
464 218
465 247
466 216
467 831
468 158
469 213
470 981
471 699
472 270
473 466
474 840
475 82
476 402
477 283
478 348
479 785
480 777
481 463
482 44
483 127
484 855
485 624
486 672
487 416
488 221
489 78
490 512
491 837
492 457
493 882
494 983
495 275
496 950
497 277
498 732
499 886
500 796
