15
250
1 654
2 309
3 184
4 338
5 135
6 30
7 840
8 677
9 921
10 59
11 785
12 563
13 441
14 94
15 322
16 390
17 239
18 475
19 804
20 127
21 728
22 531
23 644
24 359
25 983
26 468
27 137
28 980
29 752
30 110
31 299
32 16
33 661
34 860
35 632
36 657
37 649
38 138
39 984
40 601
41 152
42 831
43 592
44 950
45 996
46 916
47 504
48 4
49 737
50 711
51 976
52 203
53 31
54 844
55 537
56 141
57 298
58 417
59 494
60 909
61 452
62 598
63 260
64 312
65 47
66 821
67 64
68 822
69 274
70 31
71 813
72 292
73 883
74 876
75 205
76 115
77 446
78 484
79 124
80 657
81 639
82 892
83 8
84 802
85 946
86 994
87 314
88 947
89 333
90 978
91 957
92 654
93 437
94 660
95 396
96 577
97 413
98 517
99 621
100 797
101 820
102 790
103 796
104 495
105 292
106 192
107 748
108 979
109 479
110 518
111 313
112 183
113 232
114 827
115 561
116 113
117 396
118 660
119 203
120 261
121 18
122 685
123 686
124 350
125 818
126 159
127 573
128 361
129 163
130 422
131 370
132 516
133 224
134 472
135 605
136 688
137 448
138 49
139 342
140 440
141 889
142 206
143 650
144 858
145 857
146 688
147 170
148 719
149 797
150 69
151 726
152 114
153 396
154 421
155 279
156 343
157 684
158 387
159 236
160 693
161 598
162 925
163 189
164 616
165 382
166 2
167 290
168 787
169 581
170 596
171 918
172 595
173 413
174 948
175 329
176 167
177 721
178 999
179 637
180 782
181 729
182 347
183 402
184 254
185 477
186 672
187 10
188 566
189 36
190 574
191 218
192 478
193 478
194 329
195 250
196 499
197 399
198 780
199 725
200 823
201 526
202 716
203 531
204 26
205 244
206 87
207 806
208 769
209 18
210 725
211 6
212 843
213 238
214 932
215 823
216 264
217 100
218 715
219 721
220 383
221 288
222 916
223 635
224 789
225 239
226 464
227 789
228 914
229 123
230 388
231 862
232 458
233 999
234 666
235 506
236 760
237 234
238 532
239 784
240 560
241 68
242 656
243 331
244 649
245 315
246 339
247 211
248 585
249 313
250 280
