10
100
1 474
2 214
3 838
4 411
5 655
6 153
7 793
8 34
9 534
10 783
11 933
12 990
13 606
14 170
15 278
16 639
17 125
18 738
19 248
20 622
21 423
22 635
23 227
24 266
25 341
26 53
27 450
28 750
29 748
30 938
31 772
32 545
33 918
34 397
35 699
36 622
37 617
38 36
39 234
40 939
41 612
42 603
43 142
44 425
45 418
46 672
47 208
48 432
49 440
50 794
51 723
52 4
53 389
54 428
55 393
56 950
57 403
58 809
59 850
60 891
61 963
62 778
63 242
64 204
65 256
66 611
67 714
68 62
69 351
70 39
71 51
72 415
73 39
74 191
75 463
76 496
77 35
78 580
79 512
80 192
81 924
82 35
83 884
84 156
85 955
86 9
87 313
88 646
89 146
90 222
91 67
92 142
93 446
94 720
95 764
96 381
97 352
98 226
99 481
100 852
