22
500
1 92
2 192
3 836
4 498
5 105
6 843
7 115
8 74
9 33
10 342
11 658
12 264
13 559
14 573
15 439
16 897
17 583
18 219
19 17
20 216
21 569
22 476
23 293
24 427
25 776
26 746
27 416
28 345
29 965
30 774
31 441
32 237
33 419
34 639
35 317
36 837
37 894
38 792
39 677
40 56
41 275
42 383
43 905
44 580
45 610
46 973
47 546
48 1
49 105
50 503
51 132
52 267
53 324
54 882
55 816
56 448
57 357
58 335
59 22
60 833
61 630
62 499
63 583
64 726
65 374
66 594
67 457
68 87
69 734
70 136
71 24
72 346
73 508
74 657
75 498
76 125
77 426
78 712
79 398
80 144
81 163
82 214
83 144
84 570
85 858
86 723
87 314
88 58
89 54
90 277
91 655
92 9
93 335
94 429
95 530
96 667
97 831
98 382
99 459
100 302
101 900
102 298
103 386
104 828
105 919
106 148
107 139
108 651
109 364
110 670
111 845
112 661
113 381
114 830
115 714
116 512
117 309
118 88
119 243
120 902
121 88
122 139
123 881
124 419
125 738
126 687
127 821
128 182
129 563
130 766
131 232
132 708
133 739
134 863
135 991
136 218
137 689
138 379
139 387
140 409
141 869
142 349
143 248
144 949
145 194
146 215
147 279
148 35
149 706
150 663
151 374
152 365
153 95
154 748
155 831
156 871
157 63
158 118
159 867
160 938
161 854
162 565
163 360
164 291
165 917
166 722
167 681
168 503
169 839
170 573
171 349
172 367
173 948
174 697
175 230
176 158
177 324
178 519
179 305
180 144
181 430
182 97
183 56
184 636
185 550
186 608
187 512
188 772
189 540
190 328
191 589
192 334
193 8
194 650
195 258
196 423
197 817
198 445
199 181
200 175
201 529
202 127
203 112
204 152
205 51
206 448
207 823
208 285
209 352
210 486
211 117
212 963
213 721
214 373
215 211
216 426
217 864
218 247
219 188
220 216
221 242
222 958
223 82
224 328
225 419
226 498
227 352
228 136
229 875
230 186
231 97
232 814
233 286
234 178
235 725
236 245
237 102
238 839
239 667
240 212
241 892
242 516
243 890
244 805
245 835
246 547
247 248
248 292
249 564
250 658
251 582
252 60
253 532
254 132
255 218
256 473
257 760
258 557
259 394
260 279
261 192
262 70
263 632
264 365
265 415
266 203
267 643
268 892
269 952
270 159
271 886
272 996
273 46
274 542
275 684
276 239
277 310
278 89
279 985
280 33
281 562
282 699
283 379
284 217
285 425
286 573
287 685
288 286
289 952
290 604
291 739
292 689
293 670
294 680
295 273
296 202
297 324
298 839
299 117
300 869
301 914
302 957
303 20
304 279
305 695
306 671
307 884
308 771
309 824
310 422
311 739
312 264
313 951
314 732
315 767
316 506
317 490
318 315
319 963
320 39
321 119
322 324
323 159
324 313
325 570
326 356
327 915
328 108
329 747
330 295
331 926
332 920
333 491
334 79
335 783
336 73
337 507
338 64
339 812
340 199
341 751
342 491
343 571
344 192
345 438
346 320
347 423
348 272
349 379
350 540
351 324
352 385
353 80
354 2
355 833
356 905
357 725
358 538
359 962
360 984
361 878
362 143
363 663
364 217
365 322
366 646
367 15
368 369
369 233
370 302
371 408
372 588
373 58
374 141
375 470
376 153
377 991
378 352
379 585
380 282
381 946
382 982
383 301
384 999
385 49
386 68
387 138
388 522
389 747
390 958
391 703
392 283
393 125
394 9
395 992
396 240
397 605
398 425
399 445
400 988
401 549
402 407
403 132
404 635
405 120
406 892
407 927
408 637
409 770
410 355
411 90
412 403
413 254
414 178
415 785
416 779
417 363
418 876
419 856
420 273
421 743
422 557
423 290
424 439
425 487
426 461
427 103
428 457
429 134
430 611
431 252
432 994
433 97
434 939
435 667
436 530
437 229
438 576
439 730
440 642
441 932
442 510
443 98
444 545
445 993
446 866
447 334
448 487
449 362
450 426
451 523
452 782
453 45
454 436
455 59
456 793
457 845
458 364
459 105
460 335
461 849
462 92
463 406
464 462
465 133
466 452
467 899
468 770
469 412
470 481
471 27
472 379
473 17
474 11
475 495
476 389
477 417
478 509
479 168
480 800
481 921
482 825
483 176
484 750
485 446
486 945
487 794
488 892
489 711
490 633
491 767
492 893
493 444
494 563
495 384
496 794
497 577
498 572
499 475
500 155
