10
100
1 461
2 285
3 131
4 381
5 950
6 264
7 180
8 496
9 920
10 62
11 20
12 865
13 194
14 497
15 306
16 328
17 213
18 900
19 716
20 426
21 16
22 132
23 650
24 252
25 433
26 455
27 357
28 473
29 746
30 346
31 197
32 206
33 933
34 54
35 545
36 322
37 605
38 66
39 721
40 746
41 459
42 225
43 406
44 959
45 69
46 337
47 447
48 640
49 230
50 366
51 956
52 196
53 567
54 134
55 236
56 84
57 608
58 570
59 657
60 193
61 14
62 532
63 645
64 911
65 113
66 603
67 789
68 987
69 503
70 886
71 758
72 684
73 92
74 910
75 749
76 265
77 202
78 483
79 521
80 215
81 650
82 847
83 701
84 548
85 257
86 753
87 257
88 771
89 819
90 928
91 461
92 586
93 309
94 242
95 224
96 407
97 609
98 650
99 522
100 864
