22
500
1 502
2 596
3 999
4 209
5 370
6 598
7 164
8 67
9 303
10 685
11 382
12 10
13 211
14 508
15 458
16 265
17 429
18 726
19 401
20 945
21 731
22 845
23 149
24 140
25 503
26 951
27 123
28 454
29 76
30 568
31 858
32 364
33 323
34 166
35 272
36 349
37 153
38 762
39 197
40 418
41 935
42 332
43 321
44 757
45 595
46 544
47 688
48 23
49 981
50 504
51 142
52 804
53 254
54 943
55 389
56 216
57 354
58 328
59 315
60 968
61 394
62 791
63 937
64 504
65 118
66 210
67 18
68 979
69 662
70 492
71 874
72 212
73 788
74 44
75 727
76 790
77 669
78 14
79 775
80 350
81 826
82 582
83 625
84 189
85 518
86 303
87 897
88 372
89 403
90 406
91 563
92 540
93 95
94 181
95 327
96 191
97 957
98 571
99 842
100 869
101 554
102 709
103 190
104 27
105 822
106 973
107 419
108 822
109 298
110 581
111 327
112 256
113 227
114 719
115 700
116 121
117 560
118 243
119 634
120 6
121 916
122 333
123 388
124 182
125 10
126 803
127 668
128 4
129 655
130 901
131 160
132 112
133 626
134 49
135 804
136 363
137 84
138 209
139 844
140 402
141 33
142 189
143 585
144 840
145 721
146 745
147 646
148 16
149 868
150 513
151 810
152 7
153 843
154 332
155 458
156 426
157 16
158 377
159 525
160 195
161 121
162 516
163 376
164 99
165 663
166 981
167 422
168 711
169 287
170 275
171 815
172 594
173 534
174 774
175 886
176 87
177 901
178 488
179 903
180 458
181 53
182 912
183 539
184 253
185 243
186 88
187 961
188 996
189 432
190 802
191 136
192 234
193 686
194 740
195 178
196 574
197 861
198 725
199 158
200 402
201 451
202 963
203 683
204 321
205 234
206 684
207 777
208 975
209 44
210 305
211 622
212 796
213 803
214 294
215 22
216 365
217 927
218 910
219 554
220 137
221 113
222 462
223 330
224 870
225 395
226 331
227 956
228 19
229 154
230 306
231 476
232 758
233 821
234 728
235 770
236 929
237 291
238 116
239 298
240 278
241 171
242 71
243 997
244 250
245 411
246 914
247 399
248 621
249 933
250 664
251 935
252 853
253 857
254 206
255 526
256 133
257 375
258 77
259 323
260 830
261 291
262 990
263 782
264 475
265 874
266 247
267 547
268 702
269 939
270 708
271 385
272 772
273 780
274 915
275 548
276 434
277 334
278 600
279 858
280 163
281 987
282 417
283 690
284 741
285 268
286 545
287 113
288 321
289 699
290 349
291 333
292 880
293 652
294 402
295 636
296 701
297 203
298 292
299 878
300 36
301 378
302 153
303 42
304 724
305 596
306 545
307 747
308 393
309 652
310 640
311 628
312 354
313 856
314 339
315 199
316 192
317 298
318 119
319 681
320 490
321 725
322 992
323 528
324 104
325 381
326 323
327 3
328 509
329 140
330 124
331 894
332 684
333 369
334 189
335 871
336 952
337 298
338 467
339 186
340 903
341 799
342 553
343 133
344 843
345 272
346 604
347 125
348 785
349 873
350 64
351 59
352 23
353 967
354 7
355 977
356 27
357 841
358 896
359 155
360 634
361 889
362 997
363 119
364 863
365 971
366 147
367 816
368 994
369 494
370 955
371 654
372 152
373 433
374 989
375 33
376 249
377 281
378 931
379 376
380 274
381 51
382 528
383 883
384 354
385 893
386 404
387 89
388 684
389 245
390 923
391 611
392 744
393 80
394 288
395 275
396 781
397 38
398 361
399 108
400 27
401 298
402 53
403 877
404 526
405 13
406 636
407 269
408 788
409 25
410 29
411 74
412 385
413 212
414 216
415 993
416 436
417 315
418 182
419 55
420 121
421 879
422 997
423 131
424 833
425 547
426 571
427 984
428 43
429 513
430 113
431 171
432 123
433 583
434 429
435 487
436 947
437 395
438 403
439 559
440 415
441 826
442 57
443 701
444 893
445 831
446 383
447 940
448 635
449 478
450 314
451 758
452 154
453 940
454 321
455 339
456 580
457 853
458 793
459 581
460 545
461 620
462 294
463 297
464 300
465 781
466 26
467 78
468 432
469 954
470 59
471 206
472 28
473 128
474 919
475 992
476 271
477 561
478 997
479 179
480 845
481 233
482 408
483 710
484 170
485 542
486 56
487 258
488 271
489 967
490 89
491 617
492 43
493 492
494 329
495 90
496 786
497 140
498 688
499 882
500 66
