15
250
1 446
2 531
3 345
4 241
5 662
6 789
7 973
8 251
9 496
10 535
11 640
12 953
13 167
14 888
15 234
16 466
17 748
18 677
19 972
20 825
21 583
22 473
23 761
24 91
25 347
26 61
27 978
28 161
29 338
30 900
31 75
32 657
33 340
34 544
35 671
36 577
37 322
38 947
39 993
40 618
41 362
42 487
43 637
44 607
45 796
46 658
47 338
48 814
49 544
50 455
51 842
52 861
53 736
54 421
55 760
56 634
57 422
58 904
59 111
60 908
61 830
62 122
63 848
64 236
65 51
66 414
67 692
68 705
69 571
70 811
71 308
72 410
73 311
74 849
75 268
76 801
77 695
78 817
79 341
80 171
81 837
82 861
83 593
84 327
85 965
86 18
87 936
88 615
89 355
90 39
91 150
92 802
93 73
94 938
95 268
96 994
97 142
98 854
99 905
100 252
101 301
102 398
103 938
104 657
105 899
106 460
107 791
108 868
109 686
110 149
111 581
112 861
113 265
114 858
115 280
116 324
117 57
118 925
119 729
120 944
121 790
122 672
123 816
124 54
125 936
126 871
127 40
128 549
129 356
130 53
131 126
132 329
133 642
134 142
135 510
136 758
137 911
138 255
139 230
140 982
141 76
142 12
143 971
144 241
145 998
146 168
147 559
148 728
149 942
150 241
151 86
152 100
153 770
154 21
155 167
156 444
157 137
158 820
159 715
160 58
161 105
162 30
163 241
164 397
165 81
166 418
167 143
168 369
169 195
170 74
171 162
172 612
173 488
174 595
175 37
176 506
177 619
178 577
179 764
180 540
181 871
182 735
183 346
184 291
185 839
186 372
187 771
188 85
189 105
190 974
191 809
192 954
193 432
194 688
195 161
196 527
197 17
198 189
199 814
200 771
201 741
202 631
203 838
204 350
205 86
206 439
207 726
208 11
209 657
210 183
211 301
212 291
213 676
214 967
215 382
216 615
217 978
218 307
219 209
220 804
221 935
222 258
223 305
224 768
225 150
226 342
227 298
228 281
229 569
230 958
231 421
232 894
233 214
234 816
235 580
236 692
237 659
238 292
239 26
240 684
241 8
242 67
243 212
244 77
245 520
246 728
247 728
248 832
249 166
250 893
