15
250
1 770
2 247
3 791
4 191
5 976
6 912
7 500
8 586
9 39
10 530
11 140
12 373
13 697
14 193
15 927
16 665
17 143
18 691
19 142
20 427
21 231
22 540
23 309
24 272
25 149
26 976
27 636
28 486
29 992
30 943
31 595
32 91
33 31
34 235
35 523
36 512
37 272
38 593
39 392
40 401
41 362
42 621
43 296
44 301
45 742
46 683
47 998
48 377
49 822
50 935
51 507
52 487
53 207
54 330
55 451
56 477
57 929
58 670
59 230
60 634
61 569
62 370
63 613
64 30
65 437
66 434
67 561
68 317
69 168
70 663
71 292
72 978
73 768
74 286
75 564
76 352
77 395
78 798
79 747
80 145
81 492
82 342
83 226
84 418
85 778
86 314
87 784
88 343
89 683
90 814
91 987
92 101
93 635
94 914
95 677
96 930
97 480
98 828
99 505
100 372
101 533
102 587
103 627
104 2
105 970
106 586
107 100
108 543
109 825
110 64
111 219
112 679
113 508
114 464
115 406
116 342
117 381
118 189
119 175
120 538
121 496
122 65
123 354
124 109
125 90
126 640
127 944
128 588
129 885
130 842
131 84
132 877
133 370
134 686
135 250
136 307
137 434
138 863
139 54
140 302
141 411
142 814
143 121
144 691
145 728
146 248
147 351
148 624
149 48
150 101
151 475
152 43
153 345
154 554
155 801
156 820
157 151
158 4
159 32
160 220
161 35
162 778
163 615
164 36
165 88
166 63
167 138
168 119
169 232
170 316
171 834
172 958
173 945
174 121
175 142
176 823
177 559
178 913
179 453
180 253
181 831
182 793
183 396
184 212
185 981
186 353
187 149
188 306
189 301
190 282
191 980
192 42
193 357
194 494
195 72
196 703
197 275
198 908
199 804
200 447
201 579
202 512
203 414
204 69
205 928
206 468
207 715
208 179
209 566
210 256
211 303
212 550
213 343
214 85
215 800
216 638
217 971
218 284
219 25
220 333
221 762
222 821
223 616
224 658
225 575
226 174
227 955
228 770
229 974
230 162
231 457
232 610
233 516
234 215
235 923
236 955
237 949
238 6
239 582
240 19
241 259
242 539
243 685
244 279
245 824
246 690
247 291
248 556
249 670
250 671
