15
250
1 112
2 221
3 27
4 509
5 732
6 520
7 214
8 430
9 398
10 283
11 425
12 581
13 37
14 480
15 538
16 35
17 335
18 36
19 49
20 208
21 532
22 978
23 383
24 93
25 713
26 62
27 28
28 81
29 43
30 238
31 336
32 30
33 903
34 779
35 32
36 7
37 768
38 784
39 173
40 760
41 574
42 71
43 96
44 170
45 450
46 152
47 58
48 951
49 562
50 855
51 26
52 516
53 146
54 531
55 506
56 189
57 160
58 188
59 613
60 160
61 415
62 231
63 30
64 165
65 750
66 725
67 143
68 279
69 840
70 151
71 906
72 563
73 157
74 587
75 826
76 311
77 7
78 567
79 618
80 635
81 141
82 326
83 487
84 614
85 896
86 16
87 29
88 469
89 77
90 269
91 417
92 410
93 34
94 610
95 555
96 730
97 389
98 336
99 997
100 103
101 181
102 545
103 766
104 493
105 982
106 985
107 205
108 418
109 134
110 332
111 304
112 844
113 264
114 270
115 130
116 4
117 405
118 595
119 217
120 203
121 169
122 79
123 356
124 17
125 638
126 763
127 54
128 203
129 133
130 385
131 92
132 209
133 396
134 286
135 557
136 163
137 626
138 598
139 687
140 302
141 939
142 294
143 565
144 556
145 956
146 588
147 856
148 246
149 120
150 486
151 645
152 815
153 187
154 809
155 807
156 142
157 526
158 968
159 75
160 521
161 722
162 404
163 452
164 844
165 40
166 564
167 399
168 632
169 673
170 5
171 323
172 232
173 83
174 770
175 682
176 860
177 920
178 561
179 410
180 111
181 59
182 838
183 880
184 983
185 641
186 469
187 173
188 485
189 117
190 916
191 313
192 652
193 667
194 2
195 724
196 876
197 59
198 183
199 501
200 351
201 466
202 281
203 197
204 457
205 224
206 803
207 852
208 693
209 688
210 553
211 988
212 314
213 850
214 580
215 199
216 877
217 637
218 712
219 125
220 921
221 314
222 807
223 356
224 636
225 748
226 136
227 260
228 366
229 489
230 765
231 748
232 313
233 193
234 240
235 445
236 198
237 740
238 136
239 681
240 744
241 478
242 534
243 53
244 292
245 486
246 470
247 483
248 713
249 507
250 523
