15
250
1 105
2 835
3 532
4 640
5 180
6 737
7 268
8 208
9 8
10 992
11 973
12 149
13 170
14 43
15 894
16 714
17 239
18 398
19 992
20 227
21 159
22 851
23 514
24 295
25 111
26 888
27 271
28 184
29 88
30 638
31 838
32 393
33 403
34 313
35 169
36 533
37 703
38 32
39 115
40 710
41 504
42 116
43 572
44 620
45 114
46 809
47 924
48 752
49 576
50 203
51 268
52 699
53 409
54 32
55 415
56 546
57 930
58 225
59 964
60 903
61 348
62 677
63 1
64 711
65 321
66 287
67 222
68 321
69 354
70 98
71 76
72 88
73 922
74 6
75 156
76 546
77 799
78 572
79 348
80 610
81 809
82 130
83 852
84 125
85 10
86 625
87 97
88 488
89 985
90 95
91 129
92 461
93 248
94 482
95 174
96 234
97 37
98 387
99 194
100 863
101 638
102 599
103 394
104 331
105 550
106 173
107 197
108 688
109 516
110 919
111 330
112 486
113 416
114 889
115 730
116 77
117 71
118 442
119 429
120 65
121 530
122 377
123 903
124 885
125 615
126 659
127 373
128 901
129 236
130 580
131 761
132 746
133 542
134 966
135 385
136 365
137 97
138 906
139 316
140 38
141 143
142 197
143 165
144 267
145 494
146 749
147 646
148 644
149 207
150 204
151 90
152 179
153 226
154 344
155 865
156 555
157 109
158 961
159 275
160 898
161 824
162 344
163 484
164 973
165 540
166 607
167 703
168 26
169 2
170 90
171 548
172 561
173 532
174 63
175 292
176 295
177 858
178 108
179 180
180 394
181 330
182 41
183 69
184 448
185 243
186 771
187 9
188 570
189 572
190 910
191 22
192 366
193 292
194 948
195 368
196 158
197 919
198 902
199 692
200 379
201 952
202 50
203 780
204 532
205 412
206 995
207 538
208 990
209 425
210 41
211 738
212 30
213 962
214 591
215 303
216 165
217 985
218 85
219 553
220 274
221 45
222 744
223 635
224 995
225 953
226 998
227 735
228 139
229 87
230 711
231 700
232 330
233 761
234 26
235 478
236 402
237 96
238 862
239 66
240 363
241 196
242 7
243 443
244 769
245 677
246 434
247 714
248 740
249 278
250 235
