10
100
1 503
2 340
3 594
4 356
5 892
6 985
7 551
8 707
9 943
10 20
11 235
12 403
13 518
14 760
15 30
16 369
17 34
18 836
19 848
20 456
21 633
22 597
23 925
24 756
25 598
26 898
27 860
28 12
29 631
30 962
31 919
32 936
33 4
34 283
35 351
36 225
37 120
38 627
39 530
40 624
41 236
42 454
43 108
44 898
45 747
46 25
47 607
48 726
49 11
50 795
51 40
52 176
53 858
54 214
55 763
56 390
57 622
58 113
59 26
60 664
61 666
62 74
63 14
64 601
65 32
66 793
67 403
68 512
69 536
70 74
71 18
72 457
73 167
74 977
75 185
76 440
77 945
78 758
79 278
80 518
81 995
82 765
83 644
84 966
85 80
86 219
87 252
88 935
89 203
90 929
91 585
92 374
93 70
94 882
95 60
96 950
97 729
98 93
99 485
100 927
