15
250
1 413
2 531
3 516
4 159
5 919
6 217
7 240
8 845
9 908
10 486
11 694
12 391
13 412
14 263
15 809
16 893
17 673
18 370
19 893
20 844
21 518
22 917
23 895
24 608
25 456
26 884
27 689
28 742
29 665
30 108
31 867
32 936
33 656
34 620
35 949
36 850
37 957
38 969
39 952
40 96
41 924
42 558
43 92
44 888
45 915
46 307
47 401
48 462
49 7
50 750
51 902
52 4
53 140
54 356
55 38
56 73
57 950
58 27
59 445
60 647
61 847
62 545
63 233
64 856
65 111
66 734
67 826
68 230
69 423
70 995
71 124
72 392
73 93
74 863
75 518
76 439
77 649
78 916
79 459
80 496
81 391
82 872
83 555
84 122
85 31
86 347
87 867
88 474
89 14
90 53
91 991
92 47
93 461
94 629
95 302
96 94
97 405
98 337
99 633
100 758
101 889
102 127
103 261
104 929
105 620
106 677
107 404
108 149
109 771
110 20
111 946
112 359
113 113
114 610
115 793
116 923
117 836
118 937
119 781
120 111
121 810
122 180
123 611
124 65
125 387
126 187
127 46
128 467
129 465
130 803
131 417
132 995
133 931
134 307
135 110
136 443
137 606
138 302
139 575
140 548
141 263
142 865
143 157
144 310
145 750
146 255
147 843
148 635
149 320
150 233
151 605
152 634
153 131
154 926
155 19
156 302
157 140
158 484
159 806
160 174
161 538
162 962
163 278
164 751
165 491
166 552
167 946
168 477
169 377
170 232
171 134
172 522
173 721
174 805
175 331
176 343
177 272
178 353
179 713
180 922
181 841
182 636
183 503
184 833
185 171
186 258
187 154
188 767
189 978
190 630
191 225
192 988
193 558
194 900
195 704
196 392
197 501
198 674
199 285
200 360
201 241
202 262
203 524
204 190
205 219
206 847
207 877
208 743
209 298
210 157
211 687
212 475
213 912
214 961
215 793
216 561
217 846
218 821
219 750
220 65
221 408
222 973
223 443
224 1
225 25
226 823
227 553
228 156
229 387
230 643
231 377
232 438
233 25
234 101
235 623
236 766
237 708
238 405
239 359
240 743
241 158
242 825
243 910
244 749
245 46
246 150
247 422
248 811
249 387
250 941
