22
500
1 152
2 420
3 607
4 503
5 853
6 493
7 877
8 608
9 78
10 33
11 327
12 231
13 801
14 414
15 682
16 90
17 841
18 454
19 388
20 297
21 105
22 709
23 813
24 663
25 743
26 475
27 178
28 805
29 998
30 523
31 463
32 764
33 296
34 267
35 32
36 993
37 496
38 405
39 558
40 797
41 778
42 150
43 313
44 157
45 893
46 263
47 999
48 518
49 937
50 190
51 496
52 417
53 800
54 908
55 105
56 658
57 614
58 404
59 699
60 690
61 784
62 73
63 624
64 95
65 540
66 104
67 922
68 514
69 274
70 501
71 339
72 708
73 546
74 36
75 957
76 668
77 231
78 845
79 353
80 918
81 929
82 268
83 738
84 364
85 222
86 339
87 203
88 155
89 445
90 473
91 133
92 378
93 967
94 678
95 225
96 531
97 643
98 447
99 835
100 693
101 482
102 958
103 344
104 464
105 495
106 116
107 725
108 226
109 665
110 170
111 919
112 9
113 564
114 461
115 555
116 219
117 161
118 916
119 636
120 603
121 718
122 328
123 831
124 903
125 55
126 75
127 36
128 393
129 962
130 139
131 910
132 184
133 489
134 746
135 372
136 96
137 667
138 395
139 123
140 367
141 100
142 805
143 160
144 729
145 13
146 520
147 364
148 121
149 330
150 426
151 407
152 402
153 787
154 157
155 684
156 296
157 979
158 606
159 537
160 116
161 198
162 948
163 874
164 514
165 550
166 592
167 140
168 201
169 566
170 9
171 73
172 975
173 184
174 312
175 270
176 360
177 964
178 458
179 924
180 580
181 475
182 217
183 193
184 183
185 753
186 586
187 364
188 197
189 414
190 345
191 461
192 728
193 870
194 913
195 451
196 49
197 882
198 474
199 121
200 973
201 423
202 545
203 873
204 335
205 410
206 596
207 129
208 285
209 200
210 912
211 65
212 752
213 390
214 868
215 195
216 120
217 678
218 3
219 823
220 989
221 803
222 146
223 496
224 84
225 836
226 70
227 171
228 281
229 559
230 266
231 911
232 517
233 234
234 766
235 861
236 284
237 491
238 596
239 854
240 649
241 653
242 195
243 899
244 92
245 40
246 15
247 661
248 473
249 633
250 980
251 462
252 663
253 973
254 660
255 440
256 829
257 653
258 363
259 864
260 641
261 923
262 263
263 11
264 682
265 823
266 661
267 783
268 719
269 986
270 291
271 788
272 161
273 240
274 988
275 732
276 270
277 390
278 865
279 353
280 781
281 203
282 694
283 243
284 754
285 177
286 435
287 682
288 845
289 152
290 349
291 700
292 335
293 286
294 217
295 313
296 315
297 534
298 776
299 144
300 242
301 54
302 821
303 745
304 90
305 324
306 330
307 435
308 475
309 413
310 633
311 357
312 734
313 976
314 30
315 782
316 180
317 186
318 535
319 600
320 232
321 843
322 550
323 635
324 591
325 511
326 234
327 975
328 462
329 663
330 277
331 557
332 951
333 447
334 604
335 9
336 793
337 239
338 910
339 801
340 983
341 173
342 33
343 477
344 903
345 345
346 934
347 76
348 862
349 73
350 542
351 969
352 106
353 541
354 254
355 821
356 380
357 366
358 275
359 45
360 865
361 365
362 293
363 535
364 699
365 830
366 542
367 305
368 564
369 290
370 431
371 786
372 354
373 118
374 589
375 940
376 97
377 412
378 179
379 801
380 503
381 32
382 376
383 851
384 926
385 668
386 156
387 592
388 331
389 316
390 885
391 413
392 945
393 890
394 902
395 367
396 653
397 712
398 977
399 61
400 529
401 272
402 393
403 459
404 362
405 735
406 278
407 521
408 658
409 547
410 830
411 814
412 176
413 921
414 29
415 60
416 745
417 201
418 881
419 795
420 609
421 78
422 471
423 128
424 537
425 578
426 455
427 891
428 687
429 287
430 319
431 976
432 783
433 849
434 905
435 132
436 848
437 101
438 553
439 10
440 840
441 434
442 106
443 906
444 502
445 669
446 995
447 293
448 331
449 745
450 853
451 154
452 687
453 475
454 679
455 610
456 964
457 437
458 598
459 937
460 865
461 462
462 525
463 540
464 987
465 50
466 282
467 452
468 423
469 693
470 282
471 948
472 830
473 913
474 499
475 976
476 903
477 264
478 780
479 807
480 595
481 972
482 852
483 441
484 786
485 197
486 454
487 488
488 430
489 814
490 337
491 380
492 8
493 105
494 822
495 923
496 180
497 83
498 620
499 417
500 961
