15
250
1 863
2 398
3 665
4 917
5 756
6 271
7 616
8 912
9 150
10 105
11 646
12 294
13 187
14 556
15 859
16 371
17 551
18 191
19 242
20 370
21 169
22 679
23 626
24 320
25 378
26 99
27 884
28 324
29 22
30 470
31 516
32 54
33 740
34 769
35 679
36 695
37 372
38 245
39 603
40 752
41 516
42 576
43 643
44 829
45 401
46 289
47 26
48 809
49 206
50 676
51 494
52 705
53 571
54 473
55 887
56 187
57 11
58 628
59 200
60 765
61 379
62 900
63 623
64 14
65 767
66 272
67 337
68 507
69 842
70 924
71 603
72 385
73 966
74 744
75 140
76 353
77 752
78 213
79 867
80 586
81 88
82 208
83 813
84 368
85 952
86 642
87 113
88 151
89 847
90 564
91 655
92 205
93 19
94 571
95 267
96 440
97 87
98 787
99 699
100 682
101 491
102 368
103 232
104 931
105 376
106 528
107 584
108 34
109 722
110 678
111 498
112 645
113 39
114 223
115 439
116 886
117 202
118 505
119 496
120 32
121 539
122 618
123 284
124 206
125 902
126 749
127 3
128 699
129 895
130 842
131 732
132 772
133 371
134 487
135 33
136 426
137 158
138 104
139 286
140 343
141 492
142 506
143 624
144 933
145 539
146 229
147 777
148 379
149 98
150 407
151 40
152 885
153 377
154 111
155 190
156 327
157 223
158 944
159 722
160 355
161 268
162 165
163 572
164 435
165 418
166 464
167 828
168 695
169 241
170 901
171 607
172 120
173 386
174 426
175 437
176 931
177 271
178 280
179 78
180 778
181 317
182 69
183 21
184 698
185 568
186 131
187 339
188 494
189 419
190 223
191 744
192 759
193 415
194 404
195 730
196 978
197 162
198 374
199 880
200 152
201 957
202 187
203 210
204 486
205 398
206 767
207 61
208 382
209 641
210 328
211 593
212 502
213 658
214 332
215 869
216 235
217 550
218 7
219 764
220 472
221 249
222 568
223 879
224 237
225 837
226 661
227 135
228 495
229 962
230 692
231 800
232 45
233 952
234 59
235 972
236 116
237 598
238 313
239 424
240 196
241 723
242 28
243 985
244 884
245 463
246 173
247 406
248 646
249 874
250 690
