10
100
1 324
2 545
3 288
4 665
5 163
6 130
7 650
8 123
9 141
10 857
11 976
12 283
13 542
14 549
15 13
16 602
17 482
18 980
19 150
20 44
21 549
22 78
23 367
24 505
25 748
26 655
27 464
28 521
29 489
30 551
31 265
32 176
33 518
34 616
35 463
36 202
37 271
38 362
39 20
40 415
41 578
42 812
43 372
44 50
45 856
46 592
47 282
48 336
49 399
50 563
51 389
52 117
53 689
54 662
55 854
56 305
57 287
58 353
59 563
60 4
61 215
62 405
63 313
64 388
65 216
66 258
67 767
68 996
69 874
70 158
71 102
72 466
73 802
74 504
75 574
76 293
77 143
78 20
79 935
80 552
81 972
82 777
83 207
84 834
85 730
86 752
87 48
88 759
89 581
90 761
91 422
92 970
93 931
94 344
95 591
96 958
97 210
98 760
99 622
100 622
