10
100
1 502
2 964
3 644
4 384
5 906
6 135
7 688
8 534
9 972
10 7
11 586
12 277
13 13
14 21
15 188
16 41
17 901
18 895
19 478
20 285
21 654
22 141
23 232
24 217
25 972
26 725
27 198
28 464
29 953
30 494
31 984
32 74
33 915
34 12
35 255
36 995
37 667
38 593
39 911
40 204
41 525
42 78
43 555
44 280
45 551
46 167
47 232
48 200
49 286
50 959
51 535
52 260
53 772
54 483
55 28
56 42
57 296
58 312
59 92
60 562
61 171
62 106
63 539
64 590
65 667
66 675
67 66
68 575
69 486
70 771
71 106
72 448
73 226
74 477
75 537
76 822
77 49
78 894
79 278
80 167
81 677
82 899
83 489
84 192
85 641
86 224
87 394
88 87
89 395
90 430
91 860
92 23
93 294
94 871
95 625
96 939
97 485
98 860
99 658
100 504
