10
100
1 945
2 773
3 820
4 945
5 822
6 683
7 469
8 781
9 316
10 270
11 230
12 375
13 256
14 791
15 189
16 480
17 866
18 480
19 53
20 905
21 393
22 566
23 61
24 857
25 95
26 12
27 456
28 298
29 126
30 134
31 23
32 805
33 670
34 728
35 150
36 343
37 420
38 737
39 955
40 498
41 713
42 813
43 343
44 392
45 773
46 281
47 669
48 905
49 528
50 876
51 353
52 297
53 983
54 902
55 834
56 213
57 768
58 182
59 347
60 479
61 619
62 129
63 942
64 563
65 13
66 475
67 771
68 609
69 546
70 935
71 65
72 143
73 597
74 2
75 316
76 522
77 752
78 198
79 165
80 249
81 485
82 103
83 679
84 763
85 236
86 736
87 114
88 63
89 979
90 183
91 920
92 280
93 655
94 607
95 86
96 915
97 93
98 763
99 14
100 415
