22
500
1 355
2 676
3 865
4 378
5 845
6 954
7 968
8 315
9 28
10 455
11 464
12 376
13 948
14 667
15 900
16 572
17 858
18 922
19 380
20 540
21 31
22 32
23 372
24 629
25 209
26 737
27 568
28 867
29 231
30 660
31 988
32 756
33 410
34 70
35 832
36 38
37 831
38 81
39 810
40 281
41 280
42 125
43 87
44 377
45 625
46 483
47 956
48 963
49 260
50 473
51 108
52 299
53 115
54 307
55 123
56 105
57 13
58 395
59 873
60 23
61 395
62 747
63 306
64 252
65 422
66 617
67 757
68 118
69 515
70 97
71 19
72 749
73 561
74 101
75 495
76 483
77 876
78 680
79 124
80 68
81 689
82 131
83 530
84 958
85 907
86 5
87 296
88 653
89 772
90 116
91 973
92 450
93 233
94 33
95 199
96 886
97 175
98 925
99 109
100 347
101 475
102 87
103 477
104 511
105 916
106 329
107 382
108 514
109 239
110 598
111 324
112 30
113 941
114 627
115 375
116 702
117 747
118 781
119 931
120 124
121 980
122 298
123 255
124 595
125 282
126 561
127 789
128 956
129 167
130 211
131 51
132 213
133 745
134 341
135 414
136 29
137 544
138 650
139 696
140 902
141 35
142 299
143 165
144 710
145 645
146 128
147 93
148 283
149 878
150 376
151 998
152 315
153 789
154 97
155 236
156 11
157 719
158 575
159 525
160 718
161 638
162 80
163 694
164 638
165 398
166 728
167 872
168 513
169 110
170 769
171 115
172 456
173 442
174 462
175 131
176 928
177 29
178 990
179 866
180 847
181 532
182 745
183 159
184 881
185 938
186 448
187 564
188 732
189 191
190 991
191 393
192 383
193 636
194 378
195 909
196 156
197 658
198 249
199 677
200 772
201 821
202 775
203 364
204 596
205 820
206 879
207 875
208 331
209 248
210 67
211 951
212 985
213 501
214 600
215 603
216 50
217 374
218 916
219 293
220 852
221 459
222 887
223 513
224 450
225 930
226 304
227 753
228 953
229 130
230 384
231 561
232 439
233 516
234 634
235 659
236 207
237 582
238 795
239 224
240 958
241 963
242 710
243 385
244 969
245 910
246 44
247 269
248 449
249 566
250 607
251 334
252 65
253 409
254 635
255 397
256 364
257 530
258 714
259 656
260 222
261 677
262 221
263 340
264 82
265 631
266 488
267 998
268 655
269 866
270 440
271 627
272 846
273 203
274 48
275 924
276 490
277 888
278 741
279 533
280 607
281 135
282 829
283 463
284 521
285 978
286 42
287 604
288 249
289 926
290 125
291 929
292 402
293 234
294 641
295 167
296 727
297 376
298 354
299 849
300 883
301 490
302 797
303 267
304 772
305 304
306 961
307 176
308 22
309 464
310 741
311 752
312 145
313 601
314 896
315 417
316 239
317 581
318 38
319 482
320 378
321 619
322 937
323 447
324 152
325 602
326 429
327 638
328 686
329 471
330 826
331 254
332 796
333 304
334 463
335 912
336 608
337 308
338 324
339 943
340 817
341 959
342 294
343 810
344 40
345 124
346 953
347 916
348 718
349 519
350 724
351 871
352 284
353 258
354 905
355 928
356 640
357 477
358 26
359 262
360 57
361 815
362 956
363 50
364 448
365 206
366 732
367 599
368 90
369 469
370 111
371 801
372 119
373 949
374 588
375 983
376 320
377 969
378 474
379 90
380 46
381 666
382 344
383 904
384 661
385 329
386 398
387 143
388 3
389 256
390 762
391 686
392 843
393 435
394 759
395 692
396 360
397 424
398 600
399 769
400 501
401 266
402 447
403 21
404 556
405 785
406 477
407 504
408 691
409 538
410 96
411 228
412 399
413 325
414 536
415 192
416 385
417 188
418 42
419 962
420 245
421 266
422 468
423 538
424 177
425 74
426 184
427 542
428 512
429 217
430 174
431 884
432 323
433 754
434 816
435 297
436 181
437 431
438 140
439 149
440 593
441 652
442 130
443 851
444 34
445 949
446 560
447 830
448 258
449 920
450 475
451 500
452 468
453 758
454 116
455 995
456 132
457 39
458 670
459 91
460 319
461 52
462 122
463 739
464 375
465 671
466 829
467 784
468 147
469 205
470 853
471 259
472 574
473 462
474 681
475 765
476 207
477 113
478 641
479 770
480 993
481 541
482 438
483 532
484 111
485 332
486 555
487 900
488 240
489 879
490 649
491 808
492 425
493 424
494 666
495 40
496 797
497 598
498 522
499 988
500 867
