22
500
1 791
2 149
3 234
4 179
5 987
6 569
7 173
8 450
9 398
10 177
11 378
12 912
13 211
14 866
15 612
16 395
17 962
18 990
19 400
20 632
21 439
22 896
23 695
24 345
25 531
26 600
27 923
28 191
29 744
30 74
31 140
32 647
33 832
34 180
35 875
36 811
37 812
38 379
39 723
40 269
41 491
42 134
43 582
44 543
45 873
46 28
47 886
48 61
49 74
50 448
51 714
52 815
53 628
54 585
55 212
56 872
57 798
58 631
59 461
60 287
61 568
62 476
63 374
64 122
65 970
66 348
67 489
68 762
69 37
70 785
71 907
72 748
73 805
74 255
75 310
76 913
77 206
78 493
79 376
80 831
81 808
82 6
83 278
84 234
85 934
86 999
87 377
88 67
89 462
90 791
91 227
92 849
93 647
94 496
95 347
96 60
97 761
98 928
99 709
100 425
101 312
102 982
103 211
104 297
105 300
106 263
107 463
108 144
109 325
110 840
111 934
112 670
113 513
114 966
115 172
116 764
117 453
118 503
119 135
120 171
121 709
122 201
123 623
124 42
125 218
126 963
127 857
128 617
129 540
130 986
131 501
132 613
133 875
134 439
135 464
136 896
137 586
138 834
139 877
140 446
141 733
142 490
143 596
144 676
145 598
146 599
147 240
148 555
149 526
150 354
151 362
152 960
153 298
154 22
155 189
156 582
157 43
158 932
159 697
160 127
161 588
162 624
163 91
164 796
165 44
166 366
167 598
168 617
169 722
170 948
171 877
172 775
173 656
174 187
175 222
176 696
177 466
178 39
179 927
180 344
181 618
182 786
183 862
184 59
185 174
186 421
187 420
188 7
189 888
190 617
191 332
192 838
193 603
194 514
195 820
196 306
197 956
198 962
199 43
200 245
201 127
202 16
203 545
204 575
205 4
206 929
207 447
208 726
209 147
210 514
211 908
212 244
213 372
214 472
215 928
216 667
217 86
218 952
219 732
220 827
221 391
222 935
223 95
224 23
225 286
226 761
227 169
228 184
229 527
230 586
231 604
232 54
233 456
234 713
235 955
236 228
237 363
238 782
239 495
240 379
241 439
242 662
243 55
244 35
245 891
246 933
247 787
248 219
249 771
250 683
251 618
252 84
253 511
254 691
255 78
256 956
257 12
258 609
259 841
260 747
261 516
262 805
263 521
264 438
265 291
266 492
267 231
268 303
269 19
270 379
271 783
272 176
273 76
274 442
275 510
276 480
277 644
278 61
279 329
280 320
281 137
282 994
283 175
284 385
285 536
286 57
287 63
288 568
289 151
290 504
291 849
292 58
293 249
294 173
295 987
296 538
297 786
298 653
299 496
300 530
301 340
302 902
303 453
304 67
305 274
306 136
307 110
308 624
309 153
310 887
311 280
312 203
313 854
314 712
315 753
316 318
317 167
318 433
319 778
320 503
321 469
322 541
323 938
324 932
325 22
326 818
327 461
328 443
329 282
330 749
331 744
332 419
333 862
334 758
335 394
336 11
337 832
338 925
339 704
340 795
341 836
342 879
343 513
344 569
345 960
346 795
347 380
348 939
349 346
350 29
351 162
352 462
353 779
354 9
355 64
356 503
357 426
358 61
359 681
360 820
361 884
362 753
363 166
364 166
365 478
366 165
367 464
368 418
369 369
370 733
371 875
372 724
373 550
374 606
375 258
376 410
377 330
378 162
379 727
380 72
381 76
382 808
383 102
384 237
385 512
386 167
387 871
388 118
389 809
390 143
391 810
392 815
393 694
394 982
395 577
396 234
397 172
398 676
399 922
400 310
401 72
402 927
403 142
404 111
405 861
406 673
407 705
408 494
409 93
410 104
411 429
412 797
413 122
414 729
415 316
416 981
417 813
418 90
419 513
420 789
421 86
422 686
423 242
424 969
425 31
426 604
427 286
428 914
429 145
430 821
431 187
432 652
433 622
434 382
435 643
436 866
437 378
438 607
439 952
440 680
441 678
442 689
443 70
444 741
445 412
446 89
447 304
448 811
449 572
450 804
451 247
452 468
453 646
454 553
455 542
456 967
457 148
458 369
459 170
460 686
461 349
462 924
463 298
464 433
465 40
466 901
467 805
468 223
469 714
470 833
471 769
472 742
473 394
474 619
475 575
476 921
477 751
478 131
479 429
480 12
481 121
482 305
483 705
484 97
485 506
486 281
487 224
488 284
489 674
490 42
491 825
492 736
493 708
494 621
495 622
496 263
497 133
498 99
499 713
500 98
