10
100
1 921
2 333
3 382
4 33
5 983
6 910
7 430
8 996
9 23
10 156
11 164
12 696
13 287
14 243
15 727
16 755
17 202
18 340
19 981
20 940
21 379
22 508
23 775
24 788
25 965
26 497
27 679
28 927
29 230
30 777
31 954
32 838
33 886
34 734
35 665
36 743
37 432
38 549
39 602
40 609
41 949
42 38
43 837
44 470
45 600
46 130
47 813
48 87
49 963
50 604
51 990
52 581
53 899
54 341
55 851
56 337
57 96
58 44
59 598
60 165
61 102
62 224
63 404
64 707
65 199
66 695
67 227
68 985
69 17
70 40
71 801
72 604
73 365
74 307
75 488
76 322
77 995
78 376
79 964
80 695
81 956
82 184
83 966
84 501
85 816
86 519
87 267
88 124
89 436
90 157
91 60
92 786
93 106
94 312
95 275
96 270
97 474
98 421
99 165
100 596
