15
250
1 787
2 361
3 280
4 575
5 644
6 639
7 610
8 323
9 581
10 266
11 496
12 632
13 798
14 667
15 644
16 88
17 790
18 764
19 503
20 191
21 256
22 885
23 60
24 316
25 480
26 49
27 938
28 702
29 612
30 679
31 560
32 755
33 536
34 961
35 317
36 914
37 935
38 998
39 222
40 840
41 56
42 640
43 250
44 966
45 169
46 544
47 999
48 732
49 683
50 93
51 853
52 705
53 338
54 852
55 394
56 340
57 686
58 993
59 160
60 516
61 306
62 165
63 113
64 311
65 717
66 446
67 228
68 75
69 366
70 701
71 34
72 844
73 257
74 681
75 643
76 272
77 176
78 993
79 471
80 884
81 253
82 320
83 228
84 615
85 185
86 425
87 103
88 676
89 174
90 720
91 344
92 157
93 53
94 275
95 535
96 244
97 780
98 716
99 708
100 96
101 801
102 338
103 926
104 336
105 730
106 766
107 772
108 517
109 59
110 427
111 588
112 637
113 228
114 118
115 971
116 623
117 40
118 287
119 21
120 349
121 978
122 120
123 500
124 105
125 261
126 915
127 289
128 982
129 623
130 675
131 775
132 325
133 143
134 835
135 660
136 613
137 194
138 272
139 542
140 550
141 828
142 961
143 83
144 177
145 991
146 961
147 281
148 262
149 462
150 311
151 387
152 392
153 793
154 161
155 999
156 566
157 762
158 233
159 712
160 406
161 184
162 23
163 858
164 927
165 406
166 718
167 970
168 824
169 250
170 647
171 441
172 59
173 448
174 182
175 839
176 480
177 241
178 855
179 1
180 104
181 350
182 871
183 828
184 17
185 60
186 506
187 448
188 417
189 211
190 6
191 102
192 424
193 629
194 826
195 239
196 138
197 961
198 288
199 36
200 253
201 164
202 752
203 102
204 276
205 884
206 229
207 393
208 608
209 723
210 122
211 767
212 127
213 213
214 317
215 630
216 909
217 856
218 664
219 282
220 509
221 323
222 530
223 366
224 812
225 611
226 682
227 124
228 164
229 474
230 584
231 306
232 39
233 180
234 995
235 250
236 750
237 174
238 21
239 369
240 174
241 218
242 131
243 739
244 219
245 87
246 779
247 129
248 490
249 951
250 523
