10
100
1 839
2 812
3 47
4 687
5 385
6 236
7 472
8 671
9 526
10 717
11 100
12 949
13 644
14 799
15 486
16 23
17 5
18 96
19 954
20 210
21 475
22 944
23 636
24 181
25 592
26 141
27 734
28 893
29 200
30 116
31 326
32 288
33 459
34 697
35 629
36 198
37 880
38 581
39 646
40 630
41 508
42 819
43 4
44 260
45 325
46 276
47 186
48 988
49 586
50 705
51 828
52 476
53 795
54 111
55 565
56 925
57 543
58 605
59 250
60 434
61 72
62 924
63 50
64 176
65 159
66 730
67 278
68 45
69 824
70 216
71 361
72 607
73 712
74 619
75 257
76 256
77 801
78 733
79 515
80 376
81 6
82 659
83 361
84 522
85 777
86 325
87 526
88 447
89 459
90 916
91 850
92 374
93 775
94 491
95 411
96 839
97 733
98 304
99 543
100 960
