10
100
1 162
2 491
3 199
4 15
5 936
6 134
7 308
8 250
9 420
10 896
11 612
12 321
13 343
14 339
15 239
16 488
17 945
18 87
19 214
20 212
21 309
22 447
23 409
24 616
25 408
26 78
27 232
28 567
29 585
30 840
31 896
32 853
33 917
34 280
35 562
36 539
37 864
38 701
39 840
40 601
41 796
42 191
43 795
44 203
45 714
46 458
47 440
48 107
49 757
50 956
51 30
52 691
53 667
54 768
55 252
56 592
57 664
58 739
59 935
60 61
61 659
62 426
63 702
64 371
65 421
66 686
67 117
68 133
69 26
70 319
71 617
72 501
73 615
74 926
75 347
76 32
77 422
78 564
79 909
80 225
81 242
82 96
83 192
84 849
85 932
86 674
87 923
88 186
89 39
90 733
91 264
92 292
93 910
94 322
95 723
96 895
97 611
98 705
99 765
100 495
