22
500
1 687
2 230
3 361
4 368
5 146
6 965
7 549
8 555
9 174
10 165
11 774
12 95
13 806
14 95
15 570
16 274
17 596
18 60
19 777
20 485
21 229
22 766
23 51
24 945
25 7
26 68
27 110
28 97
29 686
30 661
31 31
32 976
33 313
34 667
35 454
36 714
37 227
38 41
39 891
40 807
41 653
42 728
43 861
44 641
45 320
46 677
47 977
48 907
49 83
50 679
51 84
52 22
53 860
54 493
55 848
56 732
57 574
58 864
59 575
60 683
61 816
62 688
63 525
64 698
65 444
66 672
67 658
68 317
69 331
70 945
71 591
72 788
73 448
74 189
75 609
76 645
77 104
78 787
79 28
80 162
81 468
82 895
83 196
84 5
85 505
86 445
87 752
88 352
89 693
90 374
91 762
92 830
93 789
94 305
95 448
96 213
97 118
98 782
99 825
100 293
101 848
102 547
103 151
104 604
105 115
106 49
107 829
108 121
109 374
110 619
111 512
112 571
113 349
114 360
115 287
116 737
117 176
118 225
119 579
120 142
121 254
122 128
123 73
124 761
125 368
126 899
127 75
128 575
129 575
130 521
131 68
132 223
133 709
134 830
135 946
136 330
137 257
138 308
139 807
140 831
141 34
142 544
143 829
144 449
145 93
146 475
147 536
148 185
149 17
150 819
151 511
152 839
153 402
154 740
155 608
156 701
157 129
158 43
159 49
160 128
161 315
162 946
163 813
164 526
165 459
166 58
167 508
168 276
169 659
170 802
171 547
172 497
173 93
174 504
175 563
176 569
177 721
178 888
179 822
180 936
181 965
182 253
183 349
184 410
185 229
186 421
187 399
188 845
189 870
190 17
191 404
192 249
193 984
194 828
195 344
196 847
197 60
198 434
199 724
200 513
201 120
202 291
203 402
204 791
205 671
206 483
207 389
208 635
209 705
210 670
211 673
212 828
213 213
214 627
215 514
216 389
217 66
218 469
219 816
220 335
221 627
222 784
223 824
224 803
225 341
226 288
227 294
228 959
229 617
230 998
231 722
232 746
233 649
234 472
235 482
236 825
237 824
238 613
239 944
240 763
241 974
242 539
243 562
244 43
245 588
246 293
247 939
248 81
249 52
250 310
251 884
252 183
253 527
254 60
255 727
256 873
257 783
258 181
259 967
260 928
261 428
262 614
263 862
264 606
265 552
266 925
267 827
268 833
269 829
270 759
271 63
272 471
273 411
274 886
275 64
276 456
277 40
278 391
279 126
280 719
281 172
282 7
283 750
284 551
285 980
286 712
287 896
288 57
289 961
290 797
291 239
292 223
293 352
294 750
295 770
296 819
297 308
298 67
299 540
300 357
301 513
302 521
303 219
304 189
305 428
306 452
307 14
308 627
309 458
310 712
311 211
312 69
313 397
314 464
315 366
316 447
317 900
318 98
319 404
320 638
321 643
322 50
323 286
324 161
325 800
326 605
327 188
328 393
329 743
330 771
331 682
332 462
333 978
334 306
335 363
336 331
337 465
338 329
339 736
340 1
341 296
342 39
343 820
344 958
345 513
346 586
347 320
348 926
349 346
350 185
351 737
352 871
353 968
354 137
355 703
356 797
357 314
358 217
359 377
360 541
361 729
362 616
363 824
364 919
365 185
366 543
367 387
368 889
369 698
370 237
371 68
372 775
373 402
374 388
375 759
376 10
377 691
378 495
379 140
380 957
381 510
382 296
383 938
384 872
385 91
386 471
387 517
388 864
389 513
390 476
391 260
392 328
393 883
394 320
395 392
396 681
397 925
398 928
399 524
400 846
401 796
402 536
403 194
404 408
405 958
406 592
407 186
408 385
409 40
410 178
411 930
412 961
413 975
414 619
415 574
416 748
417 478
418 586
419 269
420 342
421 180
422 527
423 392
424 766
425 69
426 635
427 903
428 471
429 380
430 880
431 581
432 693
433 71
434 638
435 593
436 208
437 862
438 762
439 362
440 641
441 817
442 872
443 43
444 40
445 34
446 260
447 364
448 349
449 368
450 439
451 684
452 327
453 568
454 386
455 349
456 910
457 353
458 951
459 484
460 948
461 938
462 965
463 197
464 332
465 82
466 314
467 738
468 847
469 141
470 711
471 466
472 294
473 688
474 49
475 201
476 405
477 984
478 886
479 405
480 961
481 675
482 525
483 578
484 419
485 856
486 362
487 836
488 440
489 38
490 843
491 239
492 554
493 283
494 272
495 235
496 685
497 483
498 821
499 671
500 414
