15
250
1 318
2 646
3 614
4 733
5 364
6 801
7 387
8 579
9 30
10 293
11 595
12 511
13 202
14 885
15 612
16 479
17 376
18 905
19 55
20 329
21 460
22 739
23 282
24 231
25 295
26 183
27 753
28 304
29 904
30 218
31 681
32 212
33 502
34 786
35 206
36 533
37 279
38 89
39 988
40 470
41 514
42 404
43 775
44 709
45 218
46 840
47 520
48 133
49 20
50 192
51 926
52 356
53 478
54 96
55 189
56 295
57 575
58 175
59 88
60 757
61 995
62 197
63 993
64 404
65 592
66 769
67 36
68 564
69 357
70 715
71 271
72 538
73 521
74 843
75 758
76 105
77 756
78 909
79 516
80 531
81 498
82 653
83 353
84 774
85 359
86 300
87 736
88 649
89 189
90 799
91 720
92 55
93 803
94 759
95 445
96 440
97 822
98 657
99 69
100 909
101 263
102 571
103 102
104 654
105 310
106 150
107 322
108 551
109 635
110 956
111 676
112 660
113 477
114 32
115 586
116 297
117 370
118 86
119 995
120 76
121 535
122 825
123 656
124 168
125 922
126 294
127 921
128 617
129 262
130 238
131 551
132 209
133 65
134 330
135 368
136 486
137 850
138 423
139 48
140 413
141 766
142 681
143 655
144 396
145 123
146 542
147 842
148 607
149 347
150 230
151 887
152 12
153 647
154 102
155 283
156 284
157 112
158 7
159 472
160 629
161 788
162 947
163 122
164 322
165 513
166 823
167 192
168 929
169 310
170 843
171 35
172 982
173 406
174 748
175 509
176 660
177 206
178 803
179 984
180 455
181 962
182 189
183 26
184 557
185 126
186 345
187 67
188 881
189 210
190 492
191 388
192 921
193 776
194 244
195 694
196 651
197 533
198 680
199 699
200 218
201 735
202 856
203 109
204 551
205 371
206 881
207 616
208 124
209 703
210 546
211 78
212 3
213 66
214 17
215 420
216 126
217 855
218 44
219 497
220 492
221 531
222 168
223 684
224 541
225 164
226 255
227 259
228 728
229 751
230 821
231 680
232 613
233 667
234 461
235 417
236 726
237 143
238 157
239 514
240 370
241 39
242 232
243 999
244 447
245 959
246 487
247 663
248 363
249 676
250 847
