15
250
1 88
2 375
3 374
4 280
5 731
6 563
7 712
8 599
9 604
10 62
11 853
12 880
13 433
14 483
15 845
16 306
17 96
18 187
19 134
20 878
21 36
22 782
23 361
24 925
25 544
26 615
27 839
28 714
29 608
30 921
31 347
32 924
33 165
34 791
35 995
36 455
37 70
38 916
39 11
40 63
41 941
42 363
43 88
44 800
45 399
46 775
47 447
48 873
49 799
50 842
51 508
52 878
53 195
54 590
55 447
56 77
57 433
58 883
59 226
60 793
61 155
62 26
63 303
64 724
65 677
66 251
67 982
68 713
69 560
70 136
71 239
72 505
73 34
74 822
75 937
76 656
77 768
78 216
79 396
80 784
81 62
82 195
83 110
84 606
85 418
86 423
87 161
88 709
89 53
90 808
91 899
92 747
93 882
94 947
95 537
96 369
97 461
98 709
99 602
100 340
101 797
102 592
103 427
104 196
105 537
106 247
107 326
108 295
109 89
110 811
111 4
112 674
113 175
114 942
115 9
116 459
117 933
118 475
119 311
120 990
121 51
122 585
123 6
124 968
125 707
126 889
127 151
128 730
129 396
130 175
131 942
132 642
133 527
134 929
135 842
136 519
137 641
138 287
139 111
140 712
141 956
142 786
143 352
144 820
145 513
146 263
147 4
148 871
149 266
150 370
151 300
152 435
153 860
154 423
155 379
156 839
157 10
158 805
159 872
160 509
161 422
162 709
163 200
164 542
165 888
166 891
167 271
168 147
169 515
170 761
171 416
172 940
173 717
174 863
175 857
176 141
177 893
178 872
179 835
180 943
181 264
182 302
183 31
184 158
185 623
186 121
187 77
188 568
189 953
190 31
191 388
192 78
193 560
194 21
195 357
196 661
197 353
198 963
199 300
200 111
201 608
202 381
203 280
204 821
205 7
206 464
207 360
208 546
209 115
210 461
211 470
212 351
213 787
214 349
215 375
216 692
217 183
218 692
219 662
220 773
221 660
222 634
223 228
224 902
225 152
226 190
227 572
228 643
229 225
230 54
231 571
232 101
233 230
234 441
235 709
236 516
237 711
238 124
239 284
240 801
241 354
242 164
243 366
244 350
245 183
246 349
247 160
248 10
249 966
250 219
