10
100
1 910
2 468
3 60
4 236
5 680
6 209
7 122
8 340
9 635
10 860
11 936
12 541
13 529
14 244
15 982
16 468
17 271
18 169
19 292
20 773
21 970
22 937
23 644
24 333
25 836
26 293
27 669
28 81
29 542
30 201
31 403
32 804
33 734
34 684
35 763
36 306
37 801
38 126
39 250
40 509
41 725
42 555
43 933
44 572
45 359
46 654
47 40
48 469
49 357
50 713
51 71
52 877
53 6
54 425
55 483
56 624
57 520
58 177
59 916
60 659
61 268
62 703
63 452
64 856
65 992
66 114
67 252
68 737
69 668
70 8
71 84
72 426
73 500
74 388
75 850
76 150
77 796
78 197
79 484
80 737
81 560
82 877
83 180
84 159
85 67
86 689
87 16
88 689
89 511
90 771
91 523
92 503
93 292
94 679
95 22
96 691
97 197
98 525
99 767
100 512
