22
500
1 379
2 587
3 370
4 347
5 993
6 352
7 416
8 225
9 27
10 902
11 49
12 738
13 344
14 946
15 266
16 781
17 52
18 120
19 677
20 529
21 759
22 672
23 320
24 23
25 955
26 488
27 283
28 489
29 883
30 708
31 900
32 638
33 898
34 237
35 463
36 78
37 842
38 185
39 588
40 475
41 779
42 693
43 314
44 37
45 236
46 206
47 272
48 104
49 132
50 609
51 898
52 827
53 19
54 118
55 3
56 263
57 996
58 163
59 428
60 627
61 675
62 725
63 950
64 902
65 802
66 765
67 490
68 149
69 833
70 168
71 678
72 251
73 87
74 519
75 17
76 385
77 718
78 13
79 467
80 682
81 271
82 314
83 823
84 563
85 837
86 838
87 38
88 261
89 7
90 377
91 189
92 404
93 476
94 649
95 160
96 286
97 887
98 180
99 80
100 597
101 758
102 518
103 377
104 66
105 899
106 440
107 344
108 223
109 748
110 64
111 701
112 346
113 655
114 232
115 502
116 760
117 259
118 795
119 915
120 516
121 218
122 110
123 34
124 181
125 272
126 595
127 604
128 675
129 100
130 229
131 902
132 932
133 284
134 651
135 79
136 263
137 714
138 12
139 918
140 857
141 308
142 717
143 385
144 529
145 254
146 62
147 737
148 855
149 10
150 411
151 842
152 583
153 779
154 263
155 384
156 364
157 966
158 963
159 159
160 123
161 744
162 735
163 403
164 637
165 628
166 856
167 199
168 182
169 321
170 662
171 953
172 200
173 437
174 908
175 690
176 32
177 479
178 61
179 575
180 43
181 617
182 287
183 974
184 684
185 850
186 618
187 215
188 981
189 600
190 809
191 214
192 2
193 170
194 608
195 625
196 699
197 903
198 457
199 698
200 332
201 812
202 785
203 173
204 696
205 921
206 46
207 89
208 876
209 183
210 153
211 890
212 303
213 996
214 112
215 234
216 618
217 33
218 611
219 454
220 324
221 692
222 187
223 86
224 727
225 632
226 737
227 392
228 649
229 638
230 693
231 260
232 932
233 63
234 536
235 698
236 394
237 332
238 614
239 627
240 195
241 456
242 958
243 653
244 806
245 54
246 540
247 750
248 351
249 105
250 384
251 831
252 641
253 553
254 124
255 552
256 523
257 108
258 699
259 17
260 253
261 934
262 100
263 974
264 293
265 832
266 521
267 302
268 442
269 726
270 877
271 359
272 18
273 389
274 830
275 438
276 234
277 446
278 917
279 775
280 933
281 81
282 333
283 374
284 723
285 840
286 265
287 113
288 2
289 682
290 300
291 858
292 210
293 681
294 430
295 689
296 126
297 129
298 291
299 182
300 576
301 824
302 293
303 396
304 287
305 604
306 924
307 30
308 142
309 955
310 449
311 649
312 97
313 19
314 650
315 663
316 522
317 80
318 291
319 89
320 723
321 145
322 852
323 644
324 565
325 833
326 653
327 707
328 14
329 723
330 203
331 539
332 533
333 185
334 151
335 977
336 18
337 620
338 819
339 614
340 300
341 856
342 923
343 516
344 427
345 418
346 992
347 579
348 541
349 902
350 734
351 979
352 482
353 375
354 688
355 306
356 506
357 44
358 840
359 864
360 616
361 643
362 760
363 409
364 396
365 920
366 670
367 265
368 720
369 560
370 73
371 875
372 541
373 61
374 829
375 238
376 844
377 800
378 207
379 368
380 985
381 347
382 5
383 445
384 473
385 872
386 529
387 438
388 184
389 466
390 171
391 677
392 104
393 383
394 766
395 246
396 142
397 485
398 729
399 493
400 934
401 92
402 450
403 364
404 436
405 98
406 114
407 629
408 750
409 62
410 799
411 795
412 648
413 466
414 934
415 757
416 933
417 518
418 404
419 989
420 229
421 641
422 759
423 590
424 691
425 838
426 545
427 648
428 744
429 831
430 337
431 659
432 897
433 52
434 685
435 151
436 626
437 24
438 833
439 24
440 363
441 643
442 467
443 588
444 432
445 145
446 385
447 915
448 297
449 663
450 146
451 883
452 797
453 868
454 17
455 852
456 571
457 369
458 921
459 151
460 865
461 21
462 609
463 442
464 208
465 681
466 168
467 94
468 114
469 13
470 174
471 912
472 21
473 683
474 755
475 871
476 910
477 57
478 549
479 943
480 319
481 671
482 412
483 839
484 248
485 343
486 220
487 499
488 373
489 550
490 201
491 114
492 398
493 302
494 51
495 536
496 709
497 706
498 994
499 705
500 78
